chr	pos	ref_base	strand	mod	6dKO-1_depth	6dKO-1_basecall_accuracy	6dKO-1_mod_freq	6dKO-1_mod_prob	6dKO-2_depth	6dKO-2_basecall_accuracy	6dKO-2_mod_freq	6dKO-2_mod_prob	6dWT-1_depth	6dWT-1_basecall_accuracy	6dWT-1_mod_freq	6dWT-1_mod_prob	6dWT-2_depth	6dWT-2_basecall_accuracy	6dWT-2_mod_freq	6dWT-2_mod_prob
chr3	96560603	A	+	m6A	59	0.966	0.119	0.767	28	0.964	0.179	0.8	27	0.926	0.148	0.667	51	1	0.216	0.733
chr3	96560878	A	+	m6A	73	0.986	0.151	0.8	30	0.967	0.167	0.9	28	1	0.143	0.683	64	1	0.328	0.767
chr3	137866476	A	+	m6A	60	0.983	0.05	0.833	43	1	0.07	0.767	26	1	0.115	0.867	57	1	0.123	0.867
chr3	137866522	A	+	m6A	64	0.984	0.109	0.867	42	1	0.214	0.9	25	1	0.16	0.7	55	1	0.436	0.783
chr5	115298622	A	-	m6A	109	0.972	0.147	0.8	54	0.981	0.13	0.9	36	0.944	0.25	0.8	79	0.975	0.38	0.8
chr5	115298649	A	-	m6A	118	1	0.229	0.833	58	0.966	0.121	0.767	40	0.95	0.225	0.9	84	0.976	0.381	0.85
chr5	115298687	A	-	m6A	109	0.991	0.193	0.7	57	1	0.158	0.733	41	0.951	0.22	0.733	81	0.975	0.296	0.783
chr5	129023001	A	+	m6A	195	0.985	0.113	0.733	103	0.99	0.097	0.7	76	0.961	0.066	0.633	147	0.959	0.197	0.833
chr5	135790186	A	+	m6A	63	1	0.063	0.917	32	1	0.062	0.883	26	0.962	0.077	0.717	54	1	0.074	0.65
chr5	142903533	A	-	m6A	114	0.982	0.009	0.567	84	1	0.012	1	59	0.983	0.085	0.8	95	1	0.053	0.733
chr5	142903793	A	-	m6A	71	0.972	0.056	0.733	68	0.971	0.029	0.883	41	0.976	0.171	0.833	72	0.972	0.125	0.9
chr6	39405781	A	-	m6A	125	0.968	0.088	0.867	78	0.974	0.141	0.9	32	0.969	0.188	0.767	104	0.971	0.163	0.867
chr6	67284071	A	+	m6A	96	0.99	0.323	0.833	35	1	0.4	0.883	38	1	0.342	0.767	103	0.961	0.437	0.867
chr6	67284100	A	+	m6A	101	0.97	0.089	0.6	38	1	0.026	0.733	37	1	0.054	0.733	108	0.991	0.065	0.767
chr6	99877737	A	-	m6A	81	0.963	0.099	0.833	53	0.925	0.189	0.717	26	0.962	0.231	0.75	66	0.939	0.136	0.7
chr6	124811232	A	-	m6A	80	0.95	0.037	0.767	43	0.977	0.093	0.65	35	0.971	0.086	0.6	69	0.986	0.072	0.8
chr6	148355504	A	+	m6A	128	1	0.07	0.7	76	1	0.105	0.75	56	1	0.125	0.6	86	1	0.105	0.733
chr6	148355514	A	+	m6A	126	0.976	0.024	0.733	76	0.974	0.105	0.733	54	0.981	0.074	0.8	84	0.917	0.131	0.667
chr7	139944977	A	+	m6A	111	0.973	0.135	0.767	63	0.952	0.175	0.8	54	0.944	0.111	0.783	83	0.988	0.181	0.7
chr8	27275104	A	+	m6A	110	0.991	0.018	0.683	61	1	0	NA	42	1	0.095	0.783	82	1	0.061	0.567
chr8	27275374	A	+	m6A	116	1	0.069	0.783	63	1	0.079	0.833	44	0.977	0.159	0.733	92	0.989	0.12	0.767
chr8	43295350	A	-	m6A	70	1	0.114	0.717	37	1	0.081	0.567	28	1	0.143	0.7	70	1	0.129	0.7
chr9	44335617	A	+	m6A	51	0.961	0.235	0.8	36	0.972	0.111	0.733	35	0.943	0.143	0.633	72	0.986	0.264	0.733
chr9	44335814	A	+	m6A	39	0.974	0.103	0.583	30	0.967	0.2	0.667	33	0.939	0.121	0.533	64	0.984	0.172	0.7
chr9	44335832	A	+	m6A	51	1	0.157	0.917	38	0.921	0.184	0.833	38	0.974	0.132	0.767	75	0.933	0.293	0.9
chr9	44335958	A	+	m6A	48	1	0.396	0.867	38	0.921	0.263	0.717	31	0.935	0.387	0.833	64	0.969	0.547	0.767
chr9	59679090	G	+	m6A	271	0.048	0.052	0.833	131	0.038	0.053	0.833	80	0.05	0.138	0.9	239	0.054	0.13	0.8
chr9	78478633	A	-	m6A	1795	0.971	0.061	0.7	941	0.973	0.054	0.667	666	0.977	0.089	0.667	1517	0.978	0.102	0.667
chr9	110939828	A	-	m6A	87	0.989	0.08	0.7	51	1	0.137	0.667	25	1	0.08	0.8	94	0.968	0.106	0.667
chr9	110939884	A	-	m6A	84	0.988	0.155	0.7	49	1	0.163	0.7	26	1	0.077	0.667	94	0.968	0.117	0.733
chr10	79688311	A	+	m6A	52	1	0.115	0.8	31	1	0.129	0.733	25	0.96	0.12	0.8	49	1	0.306	0.767
chr10	81182139	A	+	m6A	242	0.938	0.136	0.867	96	0.927	0.125	0.833	81	0.951	0.111	0.933	217	0.963	0.221	0.817
chr10	81182260	A	+	m6A	224	0.982	0.219	0.9	87	0.954	0.322	0.917	79	0.962	0.253	0.9	198	0.97	0.434	0.867
chr10	91116944	A	-	m6A	155	0.981	0.097	0.733	67	0.985	0.179	0.617	52	1	0.077	0.783	114	0.974	0.167	0.833
chr10	128548187	A	-	m6A	66	0.939	0.091	0.783	36	0.972	0.083	0.8	37	0.973	0.081	0.7	52	0.923	0.173	0.933
chr10	128548315	A	-	m6A	68	1	0.044	0.9	36	1	0.083	0.7	36	1	0.111	0.95	54	1	0.056	0.8
chr11	5704532	A	-	m6A	107	0.991	0.159	0.867	50	1	0.16	0.733	32	0.969	0.125	0.783	69	1	0.188	0.833
chr11	53428958	A	-	m6A	90	0.989	0.2	0.783	46	1	0.174	0.75	42	1	0.214	0.867	75	0.973	0.28	0.933
chr11	55499942	A	+	m6A	84	0.988	0.012	0.867	42	0.976	0.024	0.567	26	1	0.077	0.733	78	1	0.064	0.6
chr11	55499947	A	+	m6A	85	1	0.129	0.8	43	1	0.093	0.75	26	1	0.192	0.8	81	1	0.185	0.867
chr11	55500257	A	+	m6A	85	1	0.165	0.767	35	1	0.114	0.85	27	1	0.259	0.7	74	1	0.23	0.767
chr11	70977874	A	-	m6A	125	0.984	0.032	0.9	53	0.981	0.113	0.9	53	1	0.094	0.633	111	1	0.108	0.767
chr11	70978085	A	-	m6A	133	0.985	0.233	0.9	57	0.965	0.246	0.767	60	0.967	0.25	0.9	120	0.95	0.358	0.867
chr11	75764960	A	+	m6A	147	0.959	0.109	0.783	62	0.952	0.161	0.833	51	0.961	0.157	0.7	116	0.983	0.25	0.867
chr11	93949827	A	-	m6A	218	0.991	0.032	0.733	90	1	0.033	0.767	78	0.987	0.077	0.6	167	1	0.06	0.667
chr11	100321835	A	+	m6A	52	1	0.038	0.95	32	1	0.031	0.7	30	1	0.067	0.917	50	1	0.12	0.883
chr11	116850445	A	-	m6A	70	0.986	0.014	0.733	48	1	0.021	0.7	25	1	0.08	0.75	76	1	0.079	0.733
chr11	120488458	A	+	m6A	98	1	0.071	0.767	50	1	0.12	0.817	29	1	0.138	0.783	67	0.985	0.164	0.667
chr11	120488574	A	+	m6A	103	0.971	0.097	0.8	50	0.96	0.1	0.8	31	0.968	0.226	0.867	71	0.93	0.113	0.867
chr12	69183109	A	-	m6A	82	1	0.232	0.833	47	0.979	0.191	0.9	34	1	0.176	0.65	74	1	0.338	0.833
chr14	63492801	A	-	m6A	90	1	0	NA	57	1	0.035	0.917	40	1	0.125	0.733	93	1	0.054	0.8
chr15	79094358	A	+	m6A	67	1	0.134	0.867	26	1	0.077	0.783	25	1	0.08	0.817	63	0.968	0.143	0.667
chr15	98950356	A	-	m6A	68	0.853	0.044	0.6	38	0.789	0.053	0.767	35	0.829	0.171	0.717	58	0.724	0.086	0.833
chr17	15476024	A	-	m6A	101	0.97	0.069	0.567	70	0.943	0.029	0.85	52	0.923	0.077	0.633	93	0.968	0.075	0.767
chr17	35506327	A	+	m6A	86	0.965	0.058	0.733	43	1	0.023	1	27	1	0.074	0.783	73	1	0.151	0.8
chrM	233	A	+	m6A	99	0.98	0.071	0.7	74	1	0.149	0.7	57	1	0.123	0.7	81	1	0.136	0.767
chrM	10098	A	+	m6A	61	0.951	0.131	0.617	70	0.929	0.086	0.633	33	0.97	0.061	0.617	62	0.903	0.097	0.717
